samp	Ct	iSNVCount	iSNVdensity
ID002	35.5 	34	1.172
ID003	38.9 	50	1.724
ID004	29.1 	8	0.276
ID005	38.0 	47	1.621
ID006	29.0 	210	7.241
ID007	16.0 	6	0.207
ID009	24.3 	6	0.207
ID010	18.0 	7	0.241
ID011	25.0 	10	0.345
ID012	25.2 	5	0.172
ID013	28.1 	5	0.172
ID015	28.0 	11	0.379
ID016	26.0 	35	1.207
ID017	24.0 	9	0.31
ID018	37.5 	38	1.31
ID019	36.1 	40	1.379
ID020	35.7 	43	1.483
ID021	30.2 	11	0.379
ID023	38.8 	53	1.828
ID025	38.0 	39	1.345
ID026	20.0 	11	0.379
ID027	25.1 	6	0.207
ID028	26.0 	12	0.414
ID029	32.0 	46	1.586
ID030	21.0 	51	1.759
ID031	30.0 	49	1.69
ID032	25.0 	21	0.724
ID033	29.0 	56	1.931
ID034	21.0 	10	0.345
ID035	26.0 	12	0.414
ID036	32.8 	40	1.379
ID037	26.0 	11	0.379
ID038	35.0 	65	2.241
ID039	30.9 	63	2.172
ID040	35.3 	49	1.69
ID041	34.4 	46	1.586
ID042	29.8 	40	1.379
ID043	39.8 	55	1.897
ID045	30.0 	18	0.621
ID046	32.9 	26	0.897
ID047	24.0 	8	0.276
ID048	24.0 	6	0.207
ID049	34.1 	39	1.345
ID050	27.0 	6	0.207
ID051	29.0 	8	0.276
ID052	30.1 	15	0.517
ID053	22.0 	10	0.345
ID054	28.6 	17	0.586
ID055	22.6 	5	0.172
ID056	24.0 	8	0.276
ID058	22.0 	12	0.414
ID059	16.8 	6	0.207
ID060	36.0 	47	1.621
ID061	25.4 	4	0.138
ID062	33.3 	32	1.103
ID063	28.3 	11	0.379
ID064	28.3 	6	0.207
ID065	24.0 	8	0.276
ID066	26.0 	9	0.31
ID067	32.4 	14	0.483
ID068	22.0 	9	0.31
ID069	29.0 	50	1.724
ID070	31.1 	14	0.483
ID071	37.6 	52	1.793
ID072	33.2 	8	0.276
ID073	32.8 	101	3.483
ID074	25.0 	11	0.379
ID075	38.9 	47	1.621
ID076	34.5 	42	1.448
ID077	30.0 	1	0.034
ID078	24.0 	20	0.69
ID079	30.0 	19	0.655
ID080	32.0 	3	0.103
ID081	34.0 	40	1.379
ID082	34.0 	9	0.31
ID083	36.0 	6	0.207
ID084	31.0 	7	0.241
ID085	29.0 	29	1.0
ID086	33.0 	20	0.69
ID087	34.0 	25	0.862
ID088	33.0 	8	0.276
ID089	37.0 	6	0.207
ID090	30.0 	5	0.172
ID091	28.0 	1	0.034
ID092	38.0 	3	0.103
ID093	36.0 	1	0.034
ID094	30.0 	63	2.172
ID095	34.0 	10	0.345
ID096	34.0 	38	1.31
ID097	32.0 	50	1.724
ID098	32.0 	60	2.069
ID099	32.0 	31	1.069
ID100	32.0 	20	0.69
ID101	32.0 	21	0.724
ID102	34.0 	18	0.621
ID103	37.0 	32	1.103
ID104	34.0 	2	0.069
ID105	35.0 	16	0.552
ID106	34.0 	31	1.069
ID108	20.0 	2	0.069
ID109	32.0 	2	0.069
ID110	36.0 	3	0.103
ID111	32.0 	34	1.172
ID112	27.0 	27	0.931
ID113	22.0 	3	0.103
ID114	32.0 	8	0.276
ID115	24.0 	2	0.069
ID117	19.0 	4	0.138
ID118	33.0 	16	0.552
ID119	32.0 	6	0.207
ID120	31.0 	22	0.759
ID121	31.0 	26	0.897
ID122	20.0 	5	0.172
ID124	30.0 	36	1.241
ID125	20.0 	10	0.345
ID126	27.0 	10	0.345
ID127	28.0 	20	0.69
ID128	34.0 	41	1.414
ID129	27.0 	26	0.897
ID130	24.0 	8	0.276
ID131	22.0 	6	0.207
ID132	28.0 	27	0.931
ID133	24.0 	13	0.448
ID134	30.0 	34	1.172
ID135	32.0 	41	1.414
ID136	28.0 	22	0.759
ID137	28.0 	12	0.414
ID138	27.0 	14	0.483
ID139	25.0 	12	0.414
ID140	26.0 	10	0.345
ID141	30.0 	5	0.172
ID142	21.0 	8	0.276
ID143	19.0 	9	0.31
ID144	37.0 	11	0.379
ID145	26.0 	5	0.172
ID146	28.0 	5	0.172
ID148	30.0 	13	0.448
ID149	26.0 	7	0.241
ID150	24.0 	2	0.069
ID151	16.0 	5	0.172
ID153	35.0 	11	0.379
ID154	26.0 	2	0.069
ID155	16.0 	6	0.207
ID157	17.0 	15	0.517
ID159	25.0 	3	0.103
ID160	29.0 	18	0.621
ID161	33.0 	17	0.586
ID162	35.0 	13	0.448
ID165	26.0 	7	0.241
ID166	31.0 	13	0.448
ID167	24.0 	6	0.207
ID168	30.0 	23	0.793
ID169	23.0 	10	0.345
ID170	24.0 	8	0.276
ID171	24.0 	4	0.138
ID172	27.0 	6	0.207
ID173	24.0 	30	1.034
ID174	30.0 	17	0.586
ID175	23.0 	3	0.103
ID176	19.0 	9	0.31
ID177	32.0 	15	0.517
ID178	21.0 	7	0.241
ID179	26.0 	8	0.276
ID180	23.0 	8	0.276
ID181	32.0 	16	0.552
ID182	29.0 	13	0.448
ID183	24.0 	6	0.207
ID184	36.0 	16	0.552
ID185	32.0 	19	0.655
ID186	33.0 	10	0.345
ID187	16.0 	7	0.241
ID188	24.0 	9	0.31
ID189	32.0 	8	0.276
ID190	29.0 	39	1.345
ID191	26.0 	17	0.586
ID192	33.0 	12	0.414
ID193	23.0 	6	0.207
ID194	25.0 	11	0.379
ID195	32.0 	16	0.552
ID196	26.0 	19	0.655
ID197	23.0 	3	0.103
ID198	22.0 	6	0.207
ID199	25.0 	59	2.034
ID200	24.0 	7	0.241
ID163	17.0 	3	0.103
ID164	17.0 	5	0.172
